#Set expires_in
#Fri Apr 12 09:00:08 CST 2019
expires_in=2592000
priority=1
token_time=1555030808902
retryCount=1
access_token=24.495faeddb2522b2dcb8d85aa45a34548.2592000.1557622810.282335-15797707
